0 0.12318776249885559 0.24163803524441188 0.05764542818069458 0.36966946919759114
0 0.33611057996749877 0.6980964660644531 0.1914759874343872 0.36717970106336806
0 0.25857928991317747 0.49063726001315644 0.12721292972564696 0.31179892222086586
0 0.5313848495483399 0.15380011532041762 0.08392486572265626 0.28467916117774117
0 0.4723122358322144 0.24546004401312935 0.06164679527282715 0.20310931735568577
0 0.46807644367218015 0.05910233909057246 0.04785056114196777 0.11617025824056731
0 0.6458952188491821 0.4473383691575792 0.1482189655303955 0.21271004146999783
0 0.28288315534591674 0.05665619820356369 0.06128871440887451 0.11461669769552019
0 0.3646601915359497 0.09131341775258382 0.043610334396362305 0.10842428737216525
0 0.1013268530368805 0.3560783386230469 0.06736651659011841 0.26339975992838544
0 0.40793806314468384 0.04154259347253376 0.05411298274993896 0.08594884905550215
