0 0.33980228900909426 0.6945829603407118 0.20184645652770997 0.36839887830946183
0 0.6730782747268677 0.21006758593850666 0.1158383846282959 0.41248133745458393
0 0.47235214710235596 0.24265502293904623 0.06275925636291504 0.2078859329223633
0 0.644890308380127 0.4961926884121365 0.15917768478393554 0.31919511159261066
0 0.28213133811950686 0.05713735417359405 0.06392526626586914 0.1158633285926448
0 0.3658048391342163 0.09276003042856852 0.0410973072052002 0.1082312954796685
0 0.16044909358024598 0.2413655916849772 0.07378405332565308 0.20812439388699003
0 0.5307890415191651 0.15267122056749133 0.0828312873840332 0.28005392286512587
0 0.45821051597595214 0.08105808272957801 0.052120304107666014 0.15975673645734786
0 0.2182551920413971 0.5209982130262587 0.09661840200424195 0.26414235432942706
0 0.5293780565261841 0.10091110467910766 0.0800245761871338 0.17929609881507025
