0 0.34066704511642454 0.6965371237860786 0.20255529880523682 0.36871181064181857
0 0.5988641977310181 0.3369462013244629 0.09377226829528809 0.26664689381917317
0 0.4711525678634644 0.24283512433369955 0.06475214958190918 0.21013519499037
0 0.2508317232131958 0.5215366575453017 0.16056327819824218 0.2837067074245877
0 0.5294137239456177 0.12414188981056214 0.08160862922668458 0.2233439008394877
0 0.28136093616485597 0.05729264848762088 0.06383891105651855 0.11716464029418097
0 0.3655984878540039 0.09081462224324545 0.03984532356262207 0.1065294689602322
0 0.40624467134475706 0.09459507622652584 0.05648524761199951 0.19092353400256898
0 0.6439378738403321 0.4420766830444336 0.14984369277954102 0.20107892354329426
0 0.4650768518447876 0.0648175284680393 0.04591050148010254 0.13094780337479378
0 0.16214909553527831 0.22883902655707467 0.07400593757629395 0.1809138403998481
