0 0.81975417137146 0.4458508067660861 0.11381654739379883 0.682128037346734
0 0.3330138325691223 0.6927423901028104 0.1882023572921753 0.3628040313720703
0 0.6476148128509521 0.49852294921875 0.15780649185180665 0.31295750935872396
0 0.4735051155090332 0.24540130297342935 0.06127843856811523 0.20420607460869683
0 0.5311510324478149 0.15561350848939684 0.08363633155822754 0.284282914797465
0 0.28903257846832275 0.056229588844709924 0.05037226676940918 0.11507511643899812
0 0.36593036651611327 0.09279924763573541 0.04058132171630859 0.108391449186537
0 0.45706050395965575 0.08426699108547635 0.05612196922302246 0.1685339821709527
0 0.16084163188934325 0.24015600946214463 0.07504239082336425 0.20612016254001195
0 0.24910260438919068 0.5212178336249458 0.15897295475006104 0.2758140987820096
