0 0.3045965194702148 0.7391439437866211 0.23442478179931642 0.4328973134358724
0 0.2745842695236206 0.29673538737826877 0.11690196990966797 0.387849669986301
0 0.6035411834716797 0.3205345259772407 0.10993442535400391 0.255781364440918
0 0.25687662959098817 0.5307482613457574 0.1665077805519104 0.30513555738661025
0 0.47506492137908934 0.2433637301127116 0.05662083625793457 0.20531177520751953
0 0.6505988121032715 0.5024419784545898 0.1507589340209961 0.29358202616373696
0 0.36515424251556394 0.09168022473653158 0.04405956268310547 0.10875902175903321
0 0.4056820750236511 0.0969956188980076 0.05637876987457276 0.1960458749698268
0 0.29000229835510255 0.05577519382867548 0.049414968490600585 0.11350914281275537
0 0.5461950778961182 0.10218906799952189 0.11528129577636718 0.17752027776506213
0 0.4621440887451172 0.07398689656207959 0.04771413803100586 0.14927203783558474
0 0.09571146368980407 0.34185396830240883 0.05292893648147583 0.22543021308051214
