0 0.625369495815701 0.7982990471600312 0.25101983812120227 0.37566608748412483
0 0.22081353399488662 0.38059880111017835 0.13830851448906792 0.43711524174131194
0 0.17766456074184842 0.7590076277408694 0.18842316733466255 0.46228421967605066
0 0.10140026807785034 0.5250992046788409 0.11491345564524333 0.352811014710976
0 0.3523606618245443 0.4647020518486136 0.15600738525390626 0.3541728992180284
0 0.9238180796305339 0.39694799225905847 0.12919625176323785 0.3677777257458917
0 0.10136841932932536 0.17402753894552223 0.08094051678975424 0.33876008059590906
0 0.6563822640313043 0.1855623804289719 0.1348057640923394 0.27145524330327075
0 0.6447517606947157 0.1618259998377908 0.11072892083062066 0.22422372883763805
0 0.07476387951109144 0.3479368181651449 0.09047065575917562 0.1908345152004599
