0 0.335660457611084 0.6862235811021593 0.19222640991210938 0.37789683871799046
0 0.47182455062866213 0.24145356284247504 0.06300907135009766 0.208089722527398
0 0.6434561967849731 0.44503823386298286 0.14842686653137208 0.2081653806898329
0 0.2897674679756165 0.056704246138946875 0.04663560390472412 0.11382187644226684
0 0.41136966943740844 0.09741921544902854 0.06274497509002686 0.19624484140012
0 0.5298034191131592 0.12969598637686836 0.07982263565063477 0.2427506579293145
0 0.2261568307876587 0.5154647721184624 0.06602578163146973 0.35985075632731117
0 0.16415430307388307 0.21450535986158584 0.07260501384735107 0.17404379314846463
0 0.3639732599258423 0.09142770502302382 0.04502439498901367 0.10831702020433213
0 0.46006295680999754 0.06689894886480438 0.051809263229370114 0.13492433975140253
