0 0.33875699043273927 0.676013692220052 0.19717168807983398 0.41602613661024307
0 0.5903562307357788 0.32599687576293945 0.11669507026672363 0.27506220075819227
0 0.21256682872772217 0.5794119728936089 0.13091516494750977 0.3072834014892578
0 0.4606060266494751 0.0628485963990291 0.05808568000793457 0.12457697797152731
0 0.27823243141174314 0.05985559473435084 0.06157221794128418 0.11673330499066246
0 0.10146572291851044 0.3548834482828776 0.06471667885780334 0.2587500678168403
0 0.13700445890426635 0.2138361480500963 0.07669177055358886 0.2833889272477892
0 0.653882622718811 0.4927645683288574 0.15440850257873534 0.33786326514350046
0 0.36486743688583373 0.08986736271116469 0.04304373264312744 0.10239460468292236
0 0.4850000381469727 0.24567411210801865 0.0536097526550293 0.1961038801405165
0 0.6432064056396485 0.4323158688015408 0.12977943420410157 0.22131500244140626
0 0.13759512603282928 0.17055558628506132 0.07707086205482483 0.19634686575995552
