0 0.5954516649246215 0.319962830013699 0.09278721809387207 0.28473644256591796
0 0.35589017868041994 0.6733137766520182 0.15660543441772462 0.39649971856011285
0 0.1533196598291397 0.3680072413550483 0.10869514346122741 0.4869235462612576
0 0.24631362557411193 0.5334624608357748 0.13493508100509644 0.29959212409125435
0 0.47595953941345215 0.24215616120232475 0.05519294738769531 0.20649887720743815
0 0.28086808919906614 0.056458673088086976 0.06618764400482177 0.11520366958445973
0 0.6479345560073853 0.4440217124091254 0.14358124732971192 0.2099909888373481
0 0.46500935554504397 0.06849021303157012 0.04976797103881836 0.13601793870329856
0 0.3658230066299438 0.09108145501878527 0.04009003639221191 0.10754800372653538
0 0.5257788896560669 0.10173072351349724 0.069828462600708 0.1729129883978102
0 0.40658136606216433 0.0956997588276863 0.05855691432952881 0.19046142730447982
