0 0.3313191056251526 0.7092792510986328 0.20615251064300538 0.38129162258572047
0 0.5993703842163086 0.34132169087727865 0.09675254821777343 0.24914677937825522
0 0.47223691940307616 0.24132527775234647 0.06241941452026367 0.20471503999498156
0 0.2899076223373413 0.05575450702259938 0.04620261192321777 0.11288625047438675
0 0.2474521815776825 0.5143073399861654 0.14274126291275024 0.26763326856825087
0 0.1025738149881363 0.3577253553602431 0.06484479308128357 0.2565394083658854
0 0.1346653401851654 0.2598212242126465 0.06616581678390503 0.1942135492960612
0 0.6526259660720826 0.4395156436496311 0.15004076957702636 0.4451425340440538
0 0.6513015747070312 0.3851422627766927 0.14610557556152343 0.31747750176323786
0 0.41005131006240847 0.05651034894916746 0.04261128902435303 0.11100581255224017
0 0.14026501774787903 0.16987744172414143 0.0703539490699768 0.17366119490729437
