0 0.274045592546463 0.7579092449612088 0.1725946307182312 0.3897002749972873
0 0.5839272975921631 0.32077416314019097 0.09783248901367188 0.2682442559136285
0 0.2776839017868042 0.3016547785864936 0.12168583869934083 0.396642886267768
0 0.2557783007621765 0.5406739764743381 0.1599524736404419 0.31500256856282555
0 0.47531297206878664 0.24363729688856336 0.055798578262329104 0.20470458136664496
0 0.36509721279144286 0.09240782923168606 0.04559235572814942 0.10983573330773247
0 0.46288702487945554 0.07340605952259567 0.046923589706420896 0.1481080605338017
0 0.5265064477920532 0.10030676258934869 0.07389321327209472 0.17309524218241373
0 0.6521282434463501 0.4936797989739312 0.1475154399871826 0.30492064158121746
0 0.28855234384536743 0.056329993655284245 0.05262687206268311 0.11507324328025183
0 0.4056317448616028 0.09242305304441187 0.05619676113128662 0.1837910636431641
