0 0.32493112087249754 0.7012538697984484 0.22202162742614745 0.38552563985188804
0 0.6093614578247071 0.3202664057413737 0.10494871139526367 0.2562566545274523
0 0.2737859129905701 0.3034521579742432 0.11710779666900635 0.3858054584927029
0 0.6471084117889404 0.4464928838941786 0.14644784927368165 0.20610811445448135
0 0.4750815391540527 0.24175706969367133 0.05595188140869141 0.208039739396837
0 0.40529305934906007 0.09631770958917009 0.054556989669799806 0.19170986856851313
0 0.2888352990150452 0.054965231733189686 0.05042698383331299 0.11253761599461237
0 0.09640825986862182 0.3432282977634006 0.05745244026184082 0.2374580807156033
0 0.36520650386810305 0.0962231437365214 0.045879268646240236 0.11695590284135607
0 0.4634272575378418 0.07270597058037917 0.046978759765625 0.14624118333061537
0 0.2559355318546295 0.5352171368069119 0.16098045110702514 0.31045349968804253
0 0.24389408230781556 0.49863264295789933 0.13644627332687378 0.2335619608561198
