0 0.3296168804168701 0.7103397369384765 0.20416736602783203 0.38849495781792537
0 0.60456223487854 0.32643054326375326 0.10091686248779297 0.25732237497965493
0 0.47146854400634763 0.24236368603176542 0.0638657569885254 0.20701380835639105
0 0.364611291885376 0.0892824755774604 0.04402556419372559 0.10246191024780274
0 0.13508961200714112 0.2580653614468045 0.06435990333557129 0.19374633365207247
0 0.09765974879264831 0.34858343336317277 0.05715833902359009 0.24416588677300347
0 0.2821209192276001 0.05994104920989937 0.052601861953735354 0.11730096381571557
0 0.6515951871871948 0.49329005347357857 0.15899806022644042 0.33463723924424915
0 0.13772153854370117 0.16331387360890706 0.0778731346130371 0.18423540857103135
0 0.20844321846961975 0.5677599800957573 0.1503433108329773 0.2712965647379557
0 0.5132895708084106 0.10862527224752638 0.09587416648864747 0.18754164775212606
0 0.452426552772522 0.05251851638572084 0.06067566871643067 0.10472490468786823
