0 0.6348990758260091 0.3173387309013329 0.14776174757215713 0.5839869987788459
0 0.6270911110772027 0.7976981101952163 0.25514666239420575 0.37891609680476446
0 0.17711024814181858 0.7425549699755137 0.18848563300238716 0.4873734272172298
0 0.0863509906662835 0.3431840624128069 0.10234360429975721 0.23676050120386585
0 0.1119150612089369 0.5199913814150053 0.09637387063768175 0.2729061483749615
0 0.3218136469523112 0.4658724498278989 0.17766439649793836 0.3688412182436788
0 0.7886249542236328 0.28355834754229764 0.09398134019639758 0.4056055510572612
0 0.619882689581977 0.14119145200757557 0.06081080966525608 0.17956430688867428
0 0.10948172410329184 0.16906023612750576 0.1055554125044081 0.2687164574421098
0 0.8196651458740234 0.9540164364969789 0.06407665676540798 0.08343844108393626
