0 0.3363321542739868 0.6942634582519531 0.1950049877166748 0.3669209798177083
0 0.47229483127593996 0.24255489773220487 0.062164926528930665 0.20761121114095052
0 0.5311380624771118 0.15252161622047425 0.08419699668884277 0.2820360064506531
0 0.2907698631286621 0.05576651390228007 0.04538130760192871 0.11415732643670506
0 0.24716756343841553 0.49589837392171227 0.10394349098205566 0.3273442162407769
0 0.6466663837432861 0.49745680491129557 0.15247602462768556 0.3140928904215495
0 0.45608570575714114 0.08720013234350417 0.06842331886291504 0.1692941255039639
0 0.16058420538902282 0.2217780113220215 0.06459957361221313 0.16174691518147785
0 0.36453317403793334 0.09241215917799207 0.043793988227844236 0.11147762934366862
0 0.647977614402771 0.44334962632921004 0.14717402458190917 0.20811708238389756
