0 0.32850507497787473 0.7039789411756727 0.2157967805862427 0.39332402547200523
0 0.6064075469970703 0.3210573196411133 0.11145248413085937 0.24869906107584636
0 0.26898995637893675 0.2734045240614149 0.10911061763763427 0.34578687879774306
0 0.4720358610153198 0.24252998563978406 0.06318192481994629 0.21041736602783204
0 0.6456885576248169 0.448180537753635 0.15095038414001466 0.21335470411512586
0 0.22341932654380797 0.4970124774509006 0.09385329484939575 0.23756735059950088
0 0.2814169406890869 0.057755767885181636 0.06536669731140136 0.11774889445967145
0 0.1223855197429657 0.16392361323038737 0.07057439088821411 0.14775392744276258
0 0.09664352238178253 0.3427150938245985 0.05584763884544373 0.22872564527723524
0 0.4666162014007568 0.06875648877273004 0.04801797866821289 0.1387244678619835
0 0.5289235353469849 0.11965746747122871 0.07692160606384277 0.21455956829918754
