0 0.33775739669799804 0.6938024308946398 0.19518508911132812 0.3685430738661024
0 0.25863162875175477 0.49138130611843533 0.12943865060806276 0.3100365956624349
0 0.47196757793426514 0.24241077635023328 0.06286005973815918 0.20655265384250218
0 0.2823512554168701 0.05737311616539955 0.062227487564086914 0.11615315460496478
0 0.6451670169830322 0.45189903047349717 0.14885807037353516 0.22195504506429037
0 0.1636364996433258 0.25878081321716306 0.08245323896408081 0.24037201139662
0 0.3638983964920044 0.09415617916319105 0.04494872093200684 0.11396274831559923
0 0.5308115959167481 0.1270334283510844 0.07916297912597656 0.22992184162139892
0 0.4021874308586121 0.037595846276316375 0.04579622745513916 0.07417316035264068
0 0.4557115316390991 0.07210564133193757 0.04739775657653809 0.13546606600284578
