0 0.3379354476928711 0.6746989356146919 0.1966867446899414 0.4215593973795573
0 0.5937769651412964 0.32895468605889217 0.10692057609558106 0.2724744372897678
0 0.1381100058555603 0.26128946410285103 0.06537785530090331 0.18929147720336914
0 0.3645394563674927 0.08961032099193997 0.04400858879089355 0.10217883057064481
0 0.6528313159942627 0.49245367050170896 0.1546192169189453 0.3367294523451063
0 0.506381630897522 0.10281133386823867 0.07870564460754395 0.16676557858784993
0 0.4568127155303955 0.07329478023780717 0.0486567497253418 0.14276963820060093
0 0.27852708101272583 0.06068464699718687 0.061596465110778806 0.11648451917701297
0 0.468282151222229 0.24488572544521756 0.07779850959777831 0.2024320708380805
0 0.481821084022522 0.2508368492126465 0.0507448673248291 0.18996906280517578
0 0.2132034718990326 0.579047605726454 0.1314785122871399 0.30550460815429686
0 0.12591503262519838 0.1483906110127767 0.05494412183761597 0.15141756269666884
0 0.10030343532562255 0.35276191499498155 0.06128783226013183 0.2514492670694987
