0 0.594963264465332 0.32489325205485026 0.08588647842407227 0.2645657433403863
0 0.340204644203186 0.6934503343370225 0.1841479778289795 0.36577317979600693
0 0.28134244680404663 0.05722620143658585 0.06578929424285888 0.11651113455494246
0 0.6487830400466919 0.43476021024915906 0.14283146858215331 0.19100992414686416
0 0.12648700475692748 0.2789072460598416 0.07244961261749268 0.36038941277398
0 0.47631609439849854 0.24363366762797037 0.05484786033630371 0.20149143007066514
0 0.4659735918045044 0.06788632217794657 0.047635889053344725 0.13440863005816936
0 0.2548860251903534 0.5187528398301866 0.16701489686965942 0.2755369398328993
0 0.533651614189148 0.1025218837791019 0.08619208335876465 0.17433126635021634
0 0.36550372838974 0.09155557685428195 0.041522669792175296 0.10691086981031629
0 0.6495074033737183 0.48348479800754124 0.14359450340270996 0.2898927052815755
0 0.4063554763793945 0.09696874464344647 0.055959892272949216 0.19455560356792476
