0 0.33054269552230836 0.7077916887071397 0.20475475788116454 0.3842274136013455
0 0.4716290712356567 0.24083032608032226 0.06441264152526856 0.2057856453789605
0 0.6024903535842896 0.33732837041219077 0.10922055244445801 0.27135003407796227
0 0.25244768261909484 0.5173519982231988 0.1513344168663025 0.27260699801974825
0 0.6465598821640015 0.44754915237426757 0.14514918327331544 0.2158297856648763
0 0.28947120904922485 0.05626481961872842 0.044930100440979004 0.1144755987657441
0 0.09747500717639923 0.346807066599528 0.05461723208427429 0.23591289520263672
0 0.46662752628326415 0.055659482959243986 0.049913549423217775 0.11223231802384058
0 0.41117658615112307 0.08681837850146823 0.050446701049804685 0.17921036349402533
0 0.3646213412284851 0.09932158655590481 0.047737526893615725 0.12346670627593995
0 0.6478476762771607 0.4972102377149794 0.14584565162658691 0.3144333521525065
0 0.12869530022144318 0.21431937217712402 0.06242308020591736 0.272603448232015
