0 0.5854041099548339 0.2003280224899451 0.14151744842529296 0.4032460512386428
0 0.33024307489395144 0.6955482482910156 0.1822138547897339 0.36299896240234375
0 0.4718494415283203 0.2423954380883111 0.06316232681274414 0.20669285456339517
0 0.6492331266403198 0.4960200627644857 0.15142178535461426 0.3044486575656467
0 0.2819284200668335 0.05714083305663532 0.0647979736328125 0.11651245637072458
0 0.36590985059738157 0.09238599008984036 0.040792012214660646 0.10716084639231364
0 0.5222142219543457 0.10722725457615323 0.06807222366333007 0.1876583245065477
0 0.15814250707626343 0.24059473673502604 0.06965401172637939 0.20873680114746093
0 0.46565001010894774 0.09241230469197034 0.04715352058410645 0.1857521219799916
0 0.2545819401741028 0.5304602940877279 0.16195132732391357 0.2879982418484158
0 0.40707093477249146 0.0965984427680572 0.05789191722869873 0.1939171942571799
