0 0.33107112646102904 0.7080549663967557 0.20592920780181884 0.3918059878879123
0 0.5926241874694824 0.33069962395562064 0.11248283386230469 0.26990771823459203
0 0.47182183265686034 0.2412127653757731 0.0634089469909668 0.20504106945461698
0 0.2516639530658722 0.5160735448201498 0.1537131667137146 0.27499961853027344
0 0.6477340459823608 0.4434287495083279 0.14143271446228028 0.20656104617648655
0 0.1389919936656952 0.26294381353590224 0.06700526475906372 0.18740735583835177
0 0.2832926273345947 0.05722457787228955 0.05789384841918945 0.11630929931998253
0 0.1001781016588211 0.3524887932671441 0.058953875303268434 0.24567159016927084
0 0.5100896835327149 0.09940283298492432 0.09311637878417969 0.1728643152448866
0 0.3661632776260376 0.09569873544904921 0.04432377815246582 0.1165332211388482
0 0.3657553315162659 0.11853315432866414 0.04549386501312256 0.1622587866253323
