0 0.5958483934402465 0.3231925858391656 0.10950264930725098 0.25625824398464625
0 0.33979679346084596 0.6959710862901476 0.1982951879501343 0.3656343248155382
0 0.47097694873809814 0.24291390313042535 0.06474356651306153 0.2078573015001085
0 0.4659367799758911 0.06253393077188069 0.04734129905700683 0.12687443395455678
0 0.5326149940490723 0.10990246070755852 0.08036460876464843 0.1964258525106642
0 0.2811419367790222 0.057143345764941636 0.06534731388092041 0.11544171050190925
0 0.3647535562515259 0.09121623701519437 0.04244980812072754 0.10749085479312473
0 0.6464864253997803 0.44899233712090386 0.14501304626464845 0.21289518144395617
0 0.25173725485801696 0.5308344735039605 0.15825425386428832 0.29604081047905817
0 0.29090659618377684 0.056191008538007736 0.046431684494018556 0.11507182932562299
0 0.4057535767555237 0.09222662341263559 0.05702483654022217 0.1870156998435656
