0 0.32984672784805297 0.6947339587741428 0.21122615337371825 0.40421646965874564
0 0.6069076776504516 0.32086622450086805 0.11131377220153808 0.25117670694986977
0 0.47319927215576174 0.24092176755269368 0.061501502990722656 0.21075769000583225
0 0.6472955226898194 0.4421250873141819 0.14275989532470704 0.20386212666829426
0 0.22126064896583558 0.49927520751953125 0.09236105680465698 0.24130206637912327
0 0.5242519378662109 0.09756472607453665 0.07126550674438477 0.17509166465865242
0 0.10113373100757599 0.35635553995768227 0.06185454726219177 0.25738135443793403
0 0.16031269431114198 0.2143378840552436 0.07752476930618286 0.16867060131496853
0 0.28812681436538695 0.057341850590374735 0.053124642372131346 0.11334468101461728
0 0.11829663515090942 0.16932185490926108 0.06849563121795654 0.1716592788696289
0 0.36659181118011475 0.09299190839131673 0.04429769515991211 0.11137923134697808
