0 0.3259219408035278 0.7049361758761936 0.20052895545959473 0.37634896172417537
0 0.5989376544952393 0.3330156220330132 0.10278892517089844 0.2770705964830187
0 0.4693982839584351 0.2435074700249566 0.06781182289123536 0.20883280436197918
0 0.16913759112358093 0.24036733309427896 0.09211627244949341 0.20465767118665906
0 0.6496618509292602 0.4571592754787869 0.14477286338806153 0.23546138339572484
0 0.5247809410095214 0.09273025658395555 0.07229642868041992 0.16280712683995566
0 0.09669135212898254 0.34576498667399086 0.05626369714736938 0.23515468173556858
0 0.21922810673713683 0.5069254981146918 0.10001562833786011 0.26385040283203126
0 0.11425150632858276 0.18745256265004476 0.0485318660736084 0.21581295331319172
0 0.36673755645751954 0.09307810597949558 0.044391965866088866 0.11063861582014296
0 0.41719444990158083 0.09560415537820922 0.05930550098419189 0.1955685497985946
0 0.28056538105010986 0.05936053114839726 0.0640495777130127 0.11804596481637822
