0 0.330803370475769 0.7083110809326172 0.2060105800628662 0.38326339721679686
0 0.471781063079834 0.2408410496181912 0.06446847915649415 0.20648263295491537
0 0.5988814830780029 0.3296803686353895 0.10924739837646484 0.26564222971598306
0 0.6482211828231812 0.4439670138888889 0.14234766960144044 0.2073412577311198
0 0.22623372077941895 0.5133731418185764 0.10033979415893554 0.2690005832248264
0 0.29010844230651855 0.05585693961216344 0.044288110733032224 0.11355056406723128
0 0.09778113067150115 0.3482119454277886 0.054273182153701784 0.2366956498887804
0 0.46703786849975587 0.05384119898080826 0.05051498413085938 0.10946585304207272
0 0.1385982871055603 0.2648640208774143 0.06924881935119628 0.18432106441921658
0 0.12230676710605622 0.16260662343766955 0.049350231885910034 0.17176445325215658
0 0.3638108253479004 0.10601286623213026 0.04918704032897949 0.13612742424011232
0 0.6498100519180298 0.49704019758436413 0.1425194263458252 0.31403541564941406
