0 0.3215832471847534 0.7008744133843317 0.20345921516418458 0.3858606974283854
0 0.27460604906082153 0.3018027252621121 0.11393420696258545 0.38842208650377064
0 0.6072266817092895 0.32205787234836153 0.10905423164367675 0.2511635250515408
0 0.47661709785461426 0.2439377572801378 0.054148292541503905 0.20330367618136935
0 0.24900327920913695 0.5005481508043077 0.14732325077056885 0.24278746710883248
0 0.6461560726165771 0.45062830183241104 0.1495894432067871 0.2152533213297526
0 0.13482256531715392 0.12006741397910647 0.052848660945892335 0.219689628150728
0 0.5291336297988891 0.1496408780415853 0.07701640129089356 0.27857074737548826
0 0.09775234758853912 0.3446533521016439 0.052310460805892946 0.22697086334228517
0 0.4656190872192383 0.07112589993824561 0.04818906784057617 0.1433907816393508
0 0.2898195028305054 0.054930876402391325 0.04907631874084473 0.11170039963391092
0 0.4140091180801392 0.0898583896458149 0.05115771293640137 0.18267649395598307
0 0.3651303887367249 0.09052241245905558 0.04518554210662842 0.10467290613386367
