0 0.3258221983909607 0.7059161080254449 0.20220634937286378 0.37510286966959633
0 0.6376143455505371 0.4853360176086426 0.1707294464111328 0.27784082624647355
0 0.4708747148513794 0.24329589207967123 0.06522431373596191 0.20748861100938584
0 0.6020958900451661 0.33261628680759003 0.10237646102905273 0.26724101172553166
0 0.5228594541549683 0.09570451908641392 0.06838593482971192 0.17404434283574421
0 0.09659483432769775 0.34425823423597546 0.055736112594604495 0.23066942426893447
0 0.2823724508285522 0.0580107638405429 0.061602306365966794 0.11879843556218678
0 0.22112780809402466 0.5054946051703559 0.09702694416046143 0.2573596530490451
0 0.3665658712387085 0.0948562502861023 0.044677734375 0.11522085666656494
0 0.41745386123657224 0.08775427031020323 0.05833892822265625 0.17815365352564388
0 0.15561336278915405 0.23275838957892525 0.05860183238983154 0.2020350244310167
0 0.480425500869751 0.11332601635820336 0.0825531005859375 0.22813257252176602
