0 0.596543550491333 0.3188417540656196 0.09054689407348633 0.28840952979193796
0 0.34898393154144286 0.6823944303724501 0.15468621253967285 0.3909347110324436
0 0.23368453979492188 0.2944946500990126 0.07307853698730468 0.3984785715738932
0 0.24385629892349242 0.526599375406901 0.1357344388961792 0.27927907307942706
0 0.649368166923523 0.445065180460612 0.14242100715637207 0.2044782002766927
0 0.47511088848114014 0.24484951231214735 0.05661368370056152 0.2016685273912218
0 0.5332509994506835 0.13066296776135763 0.08829288482666016 0.23397783305909897
0 0.4632237911224365 0.06926746126264334 0.048450279235839847 0.13790239182611305
0 0.2897384285926819 0.05689231997562779 0.048377490043640135 0.11537547815177175
0 0.36558701992034914 0.09045966996086968 0.04127359390258789 0.10607027477688259
