0 0.11588202714920044 0.2072649121284485 0.06874384880065917 0.355481399430169
0 0.6094740390777588 0.20724610835313798 0.1232731819152832 0.408859579761823
0 0.6423250436782837 0.4609061982896593 0.16412138938903809 0.34119453430175783
0 0.40911632776260376 0.10364134460687638 0.05968167781829834 0.21246799065007105
0 0.29318771362304685 0.0593211829662323 0.05033788681030273 0.11342601378758749
0 0.49965829849243165 0.15980491158035065 0.06548452377319336 0.3087148550483916
0 0.36504939794540403 0.09109101030561659 0.04736917018890381 0.11938209003872341
0 0.16635103821754454 0.13596042659547594 0.06609677076339722 0.22277684476640489
0 0.1658494770526886 0.1862748040093316 0.06764348745346069 0.32362022399902346
0 0.4572574615478516 0.09232433527294133 0.05179901123046875 0.18392034326162604
