0 0.13562198877334594 0.25425429079267714 0.08328537940979004 0.3882084051767985
0 0.33657768964767454 0.6958499060736762 0.19514076709747313 0.3707893371582031
0 0.4724221706390381 0.2421587414211697 0.060832786560058597 0.20888888041178386
0 0.5307309627532959 0.15779544512430826 0.08375463485717774 0.2910583390129937
0 0.46949479579925535 0.06622681419054667 0.0483039379119873 0.12595805459552342
0 0.26140694618225097 0.49162814882066513 0.13408298492431642 0.31909652286105683
0 0.36427122354507446 0.0910843743218316 0.0431323766708374 0.10847956339518229
0 0.28139346837997437 0.05699393716123369 0.06391966342926025 0.11679736839400398
0 0.6455068826675415 0.4900029606289334 0.15250449180603026 0.30160528818766275
0 0.6459914684295655 0.441208373175727 0.14811372756958008 0.21116973029242622
