0 0.3270051598548889 0.7010592990451389 0.2022620916366577 0.3831719292534722
0 0.6019320011138916 0.3277795367770725 0.10132427215576172 0.2730471716986762
0 0.47174150943756105 0.24287367396884493 0.0636131763458252 0.20727014541625977
0 0.5231845855712891 0.09598367942704095 0.06783418655395508 0.17260953187942504
0 0.46669089794158936 0.064174995612767 0.0501711368560791 0.12981875911355018
0 0.648766040802002 0.44396142959594725 0.14205312728881836 0.21007857852511935
0 0.1697080373764038 0.2367398526933458 0.08328237533569335 0.218872250450982
0 0.2901401877403259 0.0565319299697876 0.0468557596206665 0.11398446294996474
0 0.09705631136894226 0.3452069388495551 0.05638357400894165 0.23212674458821614
0 0.23537351489067077 0.5087526321411133 0.11826649904251099 0.2615908728705512
0 0.11635581851005554 0.16150886217753094 0.0485071063041687 0.1708688841925727
0 0.3665137529373169 0.0965373847219679 0.04525299072265625 0.11902201705508762
0 0.25819461345672606 0.050012512670622934 0.028679895401000976 0.1025658110777537
0 0.4173165917396545 0.08086111711131203 0.05941531658172607 0.16773814294073316
0 0.6502035140991211 0.4958210097418891 0.1417867660522461 0.31506074269612633
