0 0.5946783542633056 0.32136458290947806 0.09007949829101562 0.2751459969414605
0 0.3376204490661621 0.6955101437038845 0.19542531967163085 0.35861824883355037
0 0.6479734659194947 0.4413203239440918 0.14148125648498536 0.20023873647054036
0 0.28110800981521605 0.05668204186691178 0.06568701267242431 0.11608972367313174
0 0.4768340587615967 0.2482993655734592 0.05324535369873047 0.1960113525390625
0 0.17884040474891663 0.14965264664755928 0.06638606786727905 0.24640414714813233
0 0.4670361757278442 0.06545583597487874 0.04921326637268066 0.13242275069157283
0 0.5262622833251953 0.10243616898854574 0.07158498764038086 0.17479731771681045
0 0.36524783372879027 0.09119021627638076 0.04136688709259033 0.10663618511623807
0 0.2543288230895996 0.5295010036892361 0.15856223106384276 0.2980942620171441
0 0.4066689610481262 0.09139639867676629 0.05527913570404053 0.18758527305391098
