0 0.5919435739517211 0.3186403380499946 0.10355219841003419 0.25224221547444664
0 0.3390447735786438 0.6961009555392795 0.19691283702850343 0.3672575208875868
0 0.47213499546051024 0.24271636009216307 0.062387704849243164 0.20836619271172419
0 0.6456989288330078 0.4414654731750488 0.14620027542114258 0.20165860917833117
0 0.36521382331848146 0.09077081945207384 0.04232497215270996 0.10640970336066352
0 0.2813228964805603 0.05722024773971902 0.06544139385223388 0.11514195199641916
0 0.46609132289886473 0.06733626208992469 0.047579050064086914 0.135062790931099
0 0.4061498522758484 0.10085345556338628 0.056441521644592284 0.20612737503316667
0 0.2548275887966156 0.5239297231038411 0.16265240907669068 0.29018461439344617
0 0.5293516397476197 0.1081832230091095 0.07685322761535644 0.18764076630274454
0 0.29107669591903684 0.05617542333073086 0.046572518348693845 0.11458496385150485
