0 0.9300837039947509 0.7012133916219075 0.1385796546936035 0.5700848473442925
0 0.33676570653915405 0.6945662180582682 0.19534828662872314 0.35938508775499134
0 0.47339088916778566 0.24568016793992783 0.061079549789428714 0.20229628880818684
0 0.646501898765564 0.49654319551255965 0.15516810417175292 0.3072242101033529
0 0.28953866958618163 0.0559352916561895 0.04883255958557129 0.11362435246507327
0 0.5315562963485718 0.1559048503637314 0.08478341102600098 0.29000961316956414
0 0.15140638947486879 0.2407175964779324 0.054889142513275146 0.2048485967848036
0 0.36522204875946046 0.09364386399586995 0.042428779602050784 0.1101821952395969
0 0.45479707717895507 0.07936814129352569 0.06282787322998047 0.1603806065188514
0 0.21714481711387634 0.5197349972195096 0.09453617334365845 0.2681203206380208
0 0.25245593786239623 0.5276589287651909 0.1642554521560669 0.2868740505642361
