0 0.32885371446609496 0.6942094167073568 0.2107288122177124 0.40169397989908856
0 0.6059467792510986 0.3210074954562717 0.11271438598632813 0.2549314710828993
0 0.22206560373306275 0.4963361952039931 0.09322502613067626 0.24065255059136284
0 0.4724483251571655 0.2415485382080078 0.06206545829772949 0.21014972262912326
0 0.6469314098358154 0.4998732672797309 0.15258541107177734 0.3157951354980469
0 0.14518434405326844 0.22836656835344102 0.045333921909332275 0.2963806735144721
0 0.4147790551185608 0.08556999506221877 0.055884051322937014 0.17231061971849865
0 0.10250433087348938 0.35871537526448566 0.06494122743606567 0.26551907857259116
0 0.10730026066303253 0.19599769115447999 0.04679552912712097 0.22054365475972493
0 0.29025410413742064 0.057415576320555474 0.04845206737518311 0.11286054013503923
0 0.5281373500823975 0.15470558040671878 0.08558263778686523 0.29016303420066836
0 0.3664742112159729 0.09162597258885702 0.04334633350372315 0.10902969307369656
