0 0.3264378190040588 0.70061829884847 0.20621325969696044 0.3819392310248481
0 0.5992170333862304 0.3337787840101454 0.10476865768432617 0.2792926788330078
0 0.47227432727813723 0.24308056301540798 0.06270451545715332 0.2074565887451172
0 0.6485847949981689 0.44501510196261934 0.14221267700195311 0.21014205084906684
0 0.2887743949890137 0.05726733669224712 0.04813914299011231 0.11578292983273665
0 0.15946404337882997 0.2230823145972358 0.07359045743942261 0.18398504257202147
0 0.09690112769603729 0.34835346009996204 0.056744199991226194 0.23928169674343533
0 0.3668067932128906 0.09238298601574368 0.04423651695251465 0.11014534897274442
0 0.5215057611465455 0.09443368017673492 0.06971096992492676 0.17303123142984178
0 0.4632586479187012 0.06355564215530952 0.045673274993896486 0.12743074856698514
0 0.22044582962989806 0.5069481319851346 0.09508088827133179 0.25292578803168403
