0 0.32638825178146363 0.7030608071221246 0.19793331623077393 0.38590990702311195
0 0.4717545032501221 0.24082093768649632 0.06377248764038086 0.203445922003852
0 0.6473828077316284 0.4410977257622613 0.14149317741394044 0.20438596937391493
0 0.5925686359405518 0.3196641869015164 0.08215408325195313 0.28831444846259224
0 0.2528401851654053 0.517705938551161 0.15069446563720704 0.27600110371907555
0 0.2907151341438293 0.05585470000902812 0.04491002559661865 0.11338912513520982
0 0.5155988216400147 0.09698616729842292 0.07960319519042969 0.17240640719731648
0 0.2563424348831177 0.05641866711278756 0.03730998039245605 0.11358041920595699
0 0.09775859117507935 0.3465026749504937 0.054111480712890625 0.2345499038696289
0 0.13540230989456176 0.2634297900729709 0.05700969696044922 0.18471361796061198
0 0.4615009069442749 0.06658884731069621 0.05037589073181152 0.13302141731708414
0 0.41160058975219727 0.08323461876975166 0.05103797912597656 0.16758058071136475
0 0.3659682869911194 0.0939728167321947 0.04491755962371826 0.11259719795650906
