0 0.32927714586257933 0.7080562167697483 0.2028963804244995 0.38118235270182294
0 0.4719340085983276 0.24082356029086643 0.06312155723571777 0.21015632417466906
0 0.24933342337608339 0.5171067767673069 0.15546756982803345 0.2730748070610894
0 0.2807160258293152 0.05723088913493686 0.06157505512237549 0.11707396374808418
0 0.5949477672576904 0.3254617585076226 0.11875190734863281 0.2537594901190864
0 0.13566991090774536 0.2595992830064562 0.06619608402252197 0.19248695373535157
0 0.5156624555587769 0.08759756485621134 0.10245137214660645 0.1657186852561103
0 0.09718581438064575 0.34726930194430883 0.05783236026763916 0.23777730729844834
0 0.6415916919708252 0.43907479180230036 0.12735433578491212 0.20633714463975694
0 0.1375172883272171 0.1629955874549018 0.07580482363700866 0.18438098695543076
0 0.456450080871582 0.04878577262473603 0.05847806930541992 0.09787923752640684
