0 0.3271398782730103 0.7058010949028863 0.20185751914978028 0.379223887125651
0 0.6059856414794922 0.32495769924587675 0.11008377075195312 0.2529841105143229
0 0.47181286811828616 0.24130845599704318 0.06377029418945312 0.20648992326524523
0 0.20436391234397888 0.5857178158230252 0.13448187112808227 0.2369768778483073
0 0.09577586352825165 0.3349874602423774 0.05554247498512268 0.21394248538547092
0 0.6507779836654664 0.4911836200290256 0.15757079124450685 0.33200611538357205
0 0.5012004613876343 0.10137576990657382 0.07403502464294434 0.16686354875564574
0 0.139321368932724 0.2588033146328396 0.06815944910049439 0.19471297793918185
0 0.45525925159454345 0.04788168010612329 0.0605349063873291 0.09650422723756896
0 0.36471062898635864 0.09266741143332588 0.04353873729705811 0.10804349846310085
0 0.4087018370628357 0.05823937873873446 0.04109537601470947 0.11522529746095339
0 0.6440138816833496 0.4312827428181966 0.1341250419616699 0.21807755364312065
