0 0.3373473763465881 0.6968279520670573 0.1957604169845581 0.3671586778428819
0 0.6002002477645874 0.31589231491088865 0.09608283042907714 0.2662634319729275
0 0.6457457542419434 0.4422979672749837 0.14506149291992188 0.20082641177707247
0 0.4718963623046875 0.24257149166531033 0.06310043334960938 0.20827734205457898
0 0.25289876461029054 0.5259560055202908 0.16059107780456544 0.28809373643663194
0 0.2813779592514038 0.057085828317536245 0.06348533630371093 0.11685950689845614
0 0.5282864332199096 0.09744787878460354 0.08277077674865722 0.1705251137415568
0 0.36532638072967527 0.08993296225865682 0.041092634201049805 0.10569118658701579
0 0.46528313159942625 0.06460215724590752 0.04707026481628418 0.13042535893619062
0 0.4061501383781433 0.09179905330141386 0.055301880836486815 0.18729024314218098
0 0.16230976581573486 0.23563256793551976 0.0755842685699463 0.19916723039415146
