0 0.12130675911903381 0.24466878838009304 0.06577757596969605 0.36042082574632434
0 0.33689448833465574 0.6985646141899957 0.19329895973205566 0.3691210428873698
0 0.4728334903717041 0.24407248497009276 0.06093931198120117 0.20485260221693252
0 0.5309671640396119 0.15538135634528266 0.08405251502990722 0.2815170182122125
0 0.26116844415664675 0.49020493825276695 0.13149878978729249 0.3119060516357422
0 0.4653656005859375 0.06160379995902379 0.04530601501464844 0.1195628070169025
0 0.6467634201049804 0.44658723407321504 0.14888572692871094 0.209633911980523
0 0.281131649017334 0.057595138044820894 0.06484427452087402 0.11614883947703573
0 0.3648067831993103 0.09244832595189413 0.04370181560516358 0.11067738797929552
0 0.40428762435913085 0.037944974129398665 0.04895486831665039 0.07845999341872004
