0 0.3298381924629211 0.7089004516601562 0.20384652614593507 0.3836278279622396
0 0.6051453351974487 0.32111457188924153 0.10781874656677246 0.24868509504530165
0 0.46830077171325685 0.24029171731736926 0.05834388732910156 0.20904376771714953
0 0.2717417240142822 0.06384823885228899 0.04695134162902832 0.12244557738304138
0 0.10144195258617401 0.3560172292921278 0.06409550309181214 0.25521763695610894
0 0.13660712242126466 0.2579881985982259 0.06274473667144775 0.1923178990681966
0 0.36561050415039065 0.09622696240743002 0.04492449760437012 0.11759172015719943
0 0.6527132272720337 0.493620851304796 0.16120438575744628 0.336289554172092
0 0.45246710777282717 0.06563151855435637 0.06313648223876953 0.13322179226411712
0 0.6433321714401246 0.4332536591423882 0.13240475654602052 0.2155072318183051
0 0.2187422215938568 0.5172332551744249 0.13810621500015258 0.2822977277967665
