0 0.3379992604255676 0.675439453125 0.19417645931243896 0.41704728868272567
0 0.6036842346191407 0.32802111307779946 0.10378551483154297 0.25740644666883683
0 0.4713608980178833 0.2402277734544542 0.06419291496276855 0.20871575673421225
0 0.4526035308837891 0.0593005648555441 0.05780315399169922 0.11844570544651813
0 0.3645032286643982 0.09041000207265218 0.043210768699646 0.1056538634830051
0 0.1386643350124359 0.26003146171569824 0.06580733060836792 0.18969142701890734
0 0.5100143909454345 0.10818309121661716 0.09230031967163085 0.17868475649091933
0 0.28292288780212405 0.060298239356941646 0.05169835090637207 0.11427057484785716
0 0.21484220027923584 0.5780769560072158 0.13658318519592286 0.30650579664442273
0 0.12800855338573455 0.1595161967807346 0.057011348009109494 0.17478084564208984
0 0.40964258909225465 0.05697163223392433 0.03996002674102783 0.1120460136897034
0 0.09767664074897767 0.3489230579800076 0.05429474115371704 0.2386858834160699
0 0.6485527515411377 0.43276824951171877 0.1483713150024414 0.22049441867404515
0 0.6540069580078125 0.49259343677096895 0.15988426208496093 0.3373159408569336
