0 0.31787724494934083 0.7249678081936306 0.23122720718383788 0.4114691416422526
0 0.2721839666366577 0.3025508138868544 0.11329207420349122 0.3849768532647027
0 0.2566890299320221 0.5279347737630208 0.16178401708602905 0.2923450046115451
0 0.6106364727020264 0.31533309088812933 0.09138526916503906 0.2672932942708333
0 0.4758130073547363 0.24406399197048612 0.05414142608642578 0.2038691202799479
0 0.6488985061645508 0.47853325737847224 0.14959993362426757 0.27533645629882814
0 0.4069884896278381 0.09894478056165908 0.05979964733123779 0.20151771969265408
0 0.3661875367164612 0.09432666169272529 0.044177126884460446 0.1128335820304023
0 0.2832626461982727 0.0559712698062261 0.06358973979949951 0.11489107939932082
0 0.4630349397659302 0.08250200545622242 0.05088820457458496 0.16615988289316494
0 0.5346087217330933 0.10423260860972934 0.09326186180114746 0.17526208957036335
