0 0.3326341867446899 0.677336777581109 0.19271407127380372 0.4157525380452474
0 0.6009401082992554 0.3290307574801975 0.10230879783630371 0.25461226569281686
0 0.1384817659854889 0.2587628470526801 0.06539429426193237 0.18979649013943142
0 0.10350476205348969 0.3580606566535102 0.06720839142799377 0.25835641225179035
0 0.47174687385559083 0.2536017100016276 0.06313724517822265 0.18353034125434028
0 0.47108466625213624 0.06629414094818963 0.06111598014831543 0.129132608572642
0 0.282072913646698 0.05990082456005944 0.05435559749603271 0.11319611801041497
0 0.5188254833221435 0.1521742800871531 0.10042266845703125 0.26956022448009914
0 0.20858168601989746 0.5752202563815647 0.12324347496032714 0.2952602386474609
0 0.3651494741439819 0.09059112866719564 0.043286371231079104 0.10415656831529406
