0 0.33064202070236204 0.7108766131930881 0.20844061374664308 0.38707635667588974
0 0.6026828527450562 0.31840811835394967 0.10124907493591309 0.24676403469509547
0 0.4715383768081665 0.2419355657365587 0.06279120445251465 0.20689912372165256
0 0.5170831918716431 0.1407450755437215 0.10162043571472168 0.25254097514682344
0 0.1381955623626709 0.2581817944844564 0.06644394397735595 0.19475905100504556
0 0.644416069984436 0.43550411860148114 0.15636324882507324 0.22355853186713326
0 0.09588313996791839 0.3376017040676541 0.055397039651870726 0.21991327073838976
0 0.45461368560791016 0.05049443824423684 0.059497642517089847 0.10171080595917172
0 0.36500422954559325 0.0893059770266215 0.04366722106933594 0.10133965015411377
0 0.13993532061576844 0.16327886581420897 0.0771408200263977 0.18459190792507596
0 0.21007636785507203 0.5706563525729709 0.12774364948272704 0.21709124247233072
