0 0.624549208747016 0.7983461765232932 0.24854257371690539 0.37615722505917104
0 0.4463630888197157 0.5108128580553778 0.18015929328070746 0.7139835169749894
0 0.33099853727552625 0.46904685109706934 0.19410491519504122 0.36811170906856144
0 0.10055622259775797 0.5249148025888527 0.10984281433953179 0.3483760814948622
0 0.09502850108676486 0.1810416911035923 0.07544374465942383 0.3400117622807695
0 0.17838750150468613 0.755298088336813 0.1909158335791694 0.4682301864248191
0 0.9363903469509549 0.40529270829825564 0.10792270236545139 0.348011129595376
0 0.6511770884195963 0.17105897189361122 0.12322362263997395 0.24398811697372663
0 0.07264437543021308 0.352864580201398 0.09343432585398356 0.1939252092333263
0 0.822124269273546 0.9558102837924299 0.07054282294379341 0.07978429935248614
