0 0.6446139865451389 0.32660581325662547 0.14865637885199653 0.5934838309076619
0 0.18344612121582032 0.7568989833587496 0.17401843600802952 0.47135485569244534
0 0.6251487731933594 0.7966781766543835 0.2515034993489583 0.37627910745554954
0 0.08783761395348443 0.34181642767243786 0.10477646191914876 0.2397278846778306
0 0.3186756557888455 0.46722206341222 0.17309612698025173 0.3728820161866437
0 0.8858695136176216 0.3474006136062697 0.10238172743055556 0.41399957628672934
0 0.6217354456583659 0.13768598481352107 0.06640493604871962 0.17356727393389923
0 0.1096235089831882 0.5280738980899303 0.08868674702114529 0.2938584576686615
0 0.8006940629747179 0.9502398110375616 0.08254369099934895 0.09173298351870382
0 0.1194898764292399 0.1524839251499458 0.12116437488132054 0.2884407061074168
