0 0.3394986391067505 0.6945316950480144 0.19736008644104003 0.36992759704589845
0 0.5981773614883423 0.3212290234035916 0.09251523017883301 0.291358396742079
0 0.47071702480316163 0.24229163063897027 0.062215662002563475 0.21231407589382595
0 0.46574833393096926 0.06110775185128053 0.048002195358276364 0.12283276493350664
0 0.3652171015739441 0.09129439327451917 0.041255831718444824 0.10711333221859402
0 0.28276667594909666 0.057188025448057386 0.06210770606994629 0.11723323000801934
0 0.40662325620651246 0.09135463635126749 0.05697863101959229 0.1866756624645657
0 0.2520355999469757 0.5174355189005534 0.16275380849838256 0.2809535132514106
0 0.6464665174484253 0.44455852508544924 0.1438805103302002 0.19749751620822484
0 0.5289811134338379 0.1486450990041097 0.07634534835815429 0.2719032393561469
0 0.5248311758041382 0.10635649098290337 0.07025418281555176 0.18710721863640678
0 0.16378122568130493 0.23807130919562447 0.07816755771636963 0.20039292441474066
