0 0.33923519849777223 0.6738923178778754 0.19715588092803954 0.41635008917914496
0 0.6014434099197388 0.3276837560865614 0.10022912025451661 0.2571163813273112
0 0.212702739238739 0.5790412902832032 0.1310199022293091 0.30733812120225695
0 0.1390361189842224 0.26071284612019857 0.06509547233581543 0.19024422963460286
0 0.10258379578590393 0.35647846857706705 0.06585904359817504 0.2589763005574544
0 0.36501129865646365 0.09039373530281915 0.04260299205780029 0.10361207061343723
0 0.40289095640182493 0.09376766267749999 0.035061764717102054 0.18469478057490454
0 0.2808393955230713 0.05959375533792707 0.057131385803222655 0.11517045034302606
0 0.12629305720329284 0.15338342719607884 0.05584152936935425 0.16142785284254285
0 0.6432203769683837 0.4363240771823459 0.13123950958251954 0.20830972459581162
