0 0.32604882717132566 0.7092073652479384 0.1907662868499756 0.3768926832411024
0 0.604127025604248 0.326046011182997 0.10367374420166016 0.25250316196017797
0 0.47222487926483153 0.24093769391377767 0.06227641105651856 0.20818427403767903
0 0.508629298210144 0.11205524735980564 0.08675131797790528 0.1877210855484009
0 0.6478226900100708 0.4316670099894206 0.1424811840057373 0.21727816263834634
0 0.36454243659973146 0.09049859179390801 0.043283939361572266 0.10511346128251818
0 0.450689959526062 0.061135414480749106 0.06218962669372559 0.12199580820484293
0 0.10080199539661408 0.35426350699530706 0.06296183466911316 0.25244261423746744
0 0.21468966603279113 0.5756245507134332 0.1529638648033142 0.28466110229492186
0 0.13670388460159302 0.2595520761277941 0.06516549587249756 0.19261646270751953
0 0.12775533199310302 0.16151398287879096 0.0568356990814209 0.1777805805206299
