0 0.31615185737609863 0.6983119116889106 0.19745960235595703 0.38965547349717883
0 0.2727006316184998 0.3024111376868354 0.11508543491363525 0.3858342594570584
0 0.606846809387207 0.3213772985670302 0.11013126373291016 0.25472787221272786
0 0.4746068239212036 0.24634528689914278 0.05688328742980957 0.19813139173719618
0 0.649812126159668 0.45853278901841904 0.1456827163696289 0.23185477786593967
0 0.46368463039398194 0.07707463337315454 0.04819788932800293 0.155888960758845
0 0.2498631954193115 0.4996127022637261 0.15028114318847657 0.23842930263943143
0 0.2901752233505249 0.05590312932100561 0.048189830780029294 0.11355132684111595
0 0.09766152203083038 0.3414245923360189 0.052835458517074586 0.22948034074571397
0 0.3646621823310852 0.09045640759997897 0.04546873569488526 0.10670753849877251
0 0.5275333404541016 0.14872091081407335 0.07691030502319336 0.2738009558783637
