0 0.33694407939910886 0.6730415980021159 0.19559245109558104 0.41315633985731337
0 0.6023004293441773 0.32594610850016276 0.10002388954162597 0.25614373948838975
0 0.14044508337974548 0.25862034691704644 0.06364938020706176 0.1951668209499783
0 0.47160418033599855 0.24639313485887315 0.0637117862701416 0.19812046686808268
0 0.21188607215881347 0.5777383380466037 0.12975406646728516 0.3062746259901259
0 0.10369695127010345 0.35797750684950086 0.06712971329689026 0.25820914374457465
0 0.5178097724914551 0.14876055982377795 0.10314826965332032 0.2615665912628174
0 0.12430580854415893 0.14311550723181832 0.04545915126800537 0.14381154908074273
0 0.36502923965454104 0.0916789902581109 0.04351463317871094 0.10687465667724609
0 0.6428925514221191 0.43337598376803926 0.13024444580078126 0.21238307952880858
0 0.467342209815979 0.06960153720445103 0.05323004722595215 0.1365946423676279
0 0.5149449586868287 0.10402858720885383 0.09873204231262207 0.1699023101064894
0 0.284588611125946 0.06068637039926317 0.04898755550384522 0.11051581833097669
