0 0.33949670791625974 0.6761695226033528 0.1946796417236328 0.41686397128634983
0 0.6028963088989258 0.32843381034003366 0.10235471725463867 0.26255207061767577
0 0.4714179277420044 0.23645895322163898 0.060000371932983396 0.21621520784166123
0 0.2148539662361145 0.5799795574612088 0.13642609119415283 0.309208975897895
0 0.2791022539138794 0.059472896820969054 0.05956249237060547 0.11636738876501719
0 0.1344869017601013 0.21450856526692708 0.06998617649078369 0.2871869405110677
0 0.10230285823345184 0.3559539900885688 0.06602056622505188 0.25742643144395616
0 0.45398969650268556 0.06194475856092241 0.04939126968383789 0.12235114110840692
0 0.5312371730804444 0.15572555793656243 0.07933073043823242 0.26980884472529093
0 0.3650320887565613 0.08880540794796414 0.04297010898590088 0.1029704040951199
0 0.656597375869751 0.4941241476270888 0.16135997772216798 0.33397545284695096
0 0.6469785690307617 0.4546245468987359 0.14046010971069336 0.25283578236897786
