0 0.32738059759140015 0.7008018917507596 0.1989976167678833 0.3924422370062934
0 0.4724853515625 0.24210156864590116 0.061983776092529294 0.2033130963643392
0 0.5836099863052369 0.3253321859571669 0.09847931861877442 0.2747088750203451
0 0.6467865705490112 0.44176817999945744 0.14288802146911622 0.20467147827148438
0 0.2525761008262634 0.5169584698147244 0.15123679637908935 0.27546645270453557
0 0.14901585578918458 0.2517300711737739 0.07107114791870117 0.20070665147569444
0 0.2904279351234436 0.05625995861159431 0.045661520957946775 0.11410469876395332
0 0.09693994522094726 0.345165040757921 0.056231331825256345 0.23144395616319444
0 0.5234918594360352 0.09432710558176041 0.07349557876586914 0.1778747449318568
0 0.462024450302124 0.06732242016328706 0.04697437286376953 0.12976774291859733
0 0.25943429470062257 0.054967558218373194 0.028560066223144533 0.11054811245865293
0 0.36621021032333373 0.09140405654907227 0.04545247554779053 0.10732881757948133
0 0.41161582469940183 0.0824755395659142 0.04941878318786621 0.1660502237992154
