0 0.3321524143218994 0.6869394090440538 0.18546857833862304 0.35048319498697916
0 0.546198558807373 0.2924249013264974 0.1399672508239746 0.343615468343099
0 0.5292803049087524 0.12674669755829704 0.07918896675109863 0.2299673491054111
0 0.6497005701065064 0.44427864286634655 0.14360709190368653 0.20622191958957248
0 0.25290490984916686 0.5229451073540582 0.15771161317825316 0.2805953131781684
0 0.2831125259399414 0.057202697835034795 0.0603271484375 0.11644092458817694
0 0.40611402988433837 0.09079359885719088 0.05688490867614746 0.18618526491853926
0 0.46503424644470215 0.06920252509104709 0.04595861434936523 0.138648337777704
0 0.36496087312698366 0.09133146074083116 0.042415308952331546 0.10602050357394749
0 0.16208080649375917 0.23543939590454102 0.07437571287155151 0.1961475584242079
0 0.46300106048583983 0.24733238220214843 0.08056859970092774 0.20706164042154948
