0 0.32751457691192626 0.7004096349080403 0.21493010520935057 0.39245618184407555
0 0.6065920829772949 0.3188870324028863 0.11094198226928711 0.2555602179633247
0 0.22347941994667053 0.27394730779859755 0.10666106939315796 0.33891390694512263
0 0.4724020004272461 0.2419832706451416 0.06276512145996094 0.21061476601494683
0 0.6459114789962769 0.44383154975043404 0.14803633689880372 0.20477990044487848
0 0.46646900177001954 0.06726496836377514 0.048235607147216794 0.13660965321792495
0 0.22274919152259826 0.5236190795898438 0.08804668188095092 0.21183158026801216
0 0.5365115642547608 0.15494756566153634 0.09256706237792969 0.28523121145036484
0 0.13330032527446747 0.15744501219855414 0.08183861374855042 0.15551856358846028
0 0.28210816383361814 0.05588464035342137 0.06561989784240722 0.11286561037931177
0 0.097709059715271 0.3450014326307509 0.05506672859191895 0.2401240030924479
