0 0.34084185361862185 0.6854010899861653 0.20719454288482667 0.43889037238226997
0 0.5963499069213867 0.3336200714111328 0.10887069702148437 0.2582657708062066
0 0.4723044872283936 0.24235703150431315 0.0627364158630371 0.2050731447007921
0 0.27905126810073855 0.05897403996851709 0.059544920921325684 0.11626852535539203
0 0.641244649887085 0.43740208943684894 0.12786512374877929 0.20835825602213542
0 0.20918691754341126 0.5734338548448351 0.12503279447555543 0.2963970608181424
0 0.10243713855743408 0.35621687571207683 0.06558172702789307 0.2577955034044054
0 0.3651033639907837 0.08966805140177408 0.04267439842224121 0.10247692532009549
0 0.5062966108322143 0.10353516075346204 0.07709689140319824 0.17085911167992485
0 0.1374642014503479 0.25399116939968536 0.06668684482574463 0.20098656548394098
0 0.4104056715965271 0.056438052902619044 0.04069721698760986 0.11058799111180835
0 0.13096242547035217 0.2133740504582723 0.06539314985275269 0.28213836352030436
