0 0.5932406531439887 0.7213904657974619 0.17799436781141492 0.39167067804947275
0 0.21837394502427843 0.7400373073634255 0.11146661970350477 0.500487642335187
0 0.3306409411960178 0.4715100744087708 0.1955558353000217 0.3736494844182959
0 0.08883162604437934 0.1719822883605957 0.07052067650689019 0.2882221625943489
0 0.6641810946994358 0.20627752548368106 0.14546661376953124 0.26157005667099226
0 0.08000073432922364 0.3334681412269329 0.08978073332044813 0.21771275938438078
0 0.14332349565294053 0.13894807338127363 0.07650167677137587 0.2694012886784934
0 0.11281282901763916 0.5375360949286099 0.1338050365447998 0.3840438767606989
0 0.9611315409342448 0.5078407437930553 0.07092539469401042 0.2520547876217095
0 0.8200672149658204 0.9546619659574161 0.07713818020290798 0.08296819978159636
0 0.3336706267462836 0.04133760341869786 0.03902598487006293 0.0765938723615825
