0 0.5936098575592041 0.32143869400024416 0.10874595642089843 0.25728155771891276
0 0.3405352711677551 0.6947455088297526 0.19881598949432372 0.367749277750651
0 0.4722033977508545 0.2429784138997396 0.062148666381835936 0.20750223795572917
0 0.5326269388198852 0.10900045898225573 0.08469796180725098 0.19126854207780625
0 0.2813409805297852 0.05705051480068101 0.06545524597167969 0.11542307419909371
0 0.46510465145111085 0.06277647694158885 0.045563268661499026 0.12624374733616908
0 0.3651317358016968 0.0905923432774014 0.04220399856567383 0.10582677788204617
0 0.2496071994304657 0.524477047390408 0.15429760217666627 0.283648427327474
0 0.6441014289855957 0.4452855639987522 0.14893341064453125 0.211892573038737
0 0.40577030181884766 0.0907065014872286 0.05713720321655273 0.18497035884194904
0 0.14640159606933595 0.24515392515394424 0.08316166400909424 0.20982574886745878
0 0.29087486267089846 0.05611039698123932 0.04696216583251953 0.11512736413213942
