0 0.33181474208831785 0.707624880472819 0.20796637535095214 0.38081499735514324
0 0.6013869762420654 0.3296325577629937 0.10368061065673828 0.26452791425916883
0 0.4713570594787598 0.24198039372762045 0.06399641036987305 0.20465128156873916
0 0.2503009259700775 0.5127847247653537 0.15206629037857056 0.26945279439290365
0 0.2807391881942749 0.056526213222079805 0.06485071182250976 0.11539377106560601
0 0.10193569362163543 0.3574768172370063 0.06461768746376037 0.2550024880303277
0 0.13579994440078735 0.2678653187221951 0.07581522464752197 0.1786739985148112
0 0.6545685529708862 0.45259937710232206 0.15522961616516112 0.41221415201822914
0 0.3665301322937012 0.09912274148729112 0.04376707077026367 0.12314246495564779
0 0.6420948266983032 0.3949499977959527 0.13144307136535643 0.29100286695692273
