0 0.33132290840148926 0.7070971382988824 0.20598649978637695 0.3867644839816623
0 0.47253761291503904 0.24115938080681695 0.06223020553588867 0.20551752514309354
0 0.6006889820098877 0.3326123237609863 0.10512304306030273 0.2611433876885308
0 0.6398424625396728 0.49893158806694876 0.17171792984008788 0.29040518866644965
0 0.25237141251564027 0.5167727788289388 0.1520626425743103 0.2745261722140842
0 0.13440023064613343 0.2606990814208984 0.0663610577583313 0.19162233140733506
0 0.13872360289096833 0.16898988882700602 0.08180567622184753 0.18002317746480306
0 0.28412113189697263 0.05745509101284875 0.05697855949401855 0.11642143130302429
0 0.0966660887002945 0.34791405995686847 0.05612143874168396 0.23763686286078559
0 0.4661677837371826 0.06141900743047397 0.050880718231201175 0.126247538626194
0 0.36606664657592775 0.09841008716159397 0.04439864158630371 0.1207231945461697
