0 0.33746068477630614 0.6775601281060113 0.19589409828186036 0.40984420776367186
0 0.6033793926239014 0.3272152052985297 0.10408687591552734 0.25967549218071834
0 0.47307894229888914 0.24111365742153593 0.06069512367248535 0.20741777420043944
0 0.44925947189331056 0.05801756340596411 0.05078725814819336 0.11745783040920893
0 0.5153112411499023 0.12824781404601204 0.1010279655456543 0.21979878346125284
0 0.3645694017410278 0.09109614690144857 0.04356751441955566 0.10646228790283203
0 0.2798895239830017 0.05932491877012783 0.057974600791931154 0.11605761332644357
0 0.13878436684608458 0.2628705342610677 0.05928424596786499 0.1863888210720486
0 0.6463862419128418 0.4326291508144803 0.13815765380859374 0.21873192257351345
0 0.10015973746776581 0.3539072036743164 0.06018677353858948 0.25085436503092445
0 0.12768633365631105 0.1623594257566664 0.05702087879180908 0.18179037835862902
