0 0.34028785228729247 0.6770873175726997 0.19853577613830567 0.41606292724609373
0 0.6013814210891724 0.33155362870958116 0.10181269645690919 0.26076783074273
0 0.2126226544380188 0.5813437991672092 0.13073337078094482 0.30963787502712675
0 0.4727341175079346 0.24100072118971083 0.060727596282958984 0.2084009912278917
0 0.13911274671554566 0.25621220270792644 0.06529002189636231 0.19883691999647352
0 0.10357009768486022 0.35802619722154405 0.06743289232254028 0.2591132481892904
0 0.45997843742370603 0.06656792701946365 0.06764154434204102 0.1347515157527394
0 0.5197185754776001 0.1462597323788537 0.09881730079650879 0.25617612070507473
0 0.643050742149353 0.43742328219943577 0.13302989006042482 0.20973137749565973
0 0.36523712873458863 0.08941644562615289 0.04321620464324951 0.10167464150322808
0 0.28380115032196046 0.062271707587771945 0.05104188919067383 0.10793434513939751
0 0.1261495441198349 0.14907468954722086 0.05502515435218811 0.1531808482276069
