0 0.33934983015060427 0.6949962615966797 0.19730989933013915 0.36775232950846354
0 0.592008900642395 0.32557523515489367 0.10378146171569824 0.26946517096625433
0 0.47087533473968507 0.2427853266398112 0.06493420600891113 0.20898267957899305
0 0.5328967332839966 0.0987114217546251 0.08958611488342286 0.17771885130140516
0 0.6467071056365967 0.4451374689737956 0.14397878646850587 0.20415034823947484
0 0.28271777629852296 0.05725059492720498 0.060651731491088864 0.11633232997523414
0 0.25379580855369566 0.5277381049262153 0.1596657395362854 0.2933905707465278
0 0.3652923345565796 0.09088559548060099 0.041198205947875974 0.10762818919287788
0 0.4066665291786194 0.09494242933061388 0.053872179985046384 0.1941657649146186
0 0.14892631769180298 0.24271674156188966 0.0586660623550415 0.2100346565246582
