0 0.5977915763854981 0.322970888349745 0.09378213882446289 0.2769632763332791
0 0.35341193675994875 0.6813316133287218 0.1559134006500244 0.3856379614935981
0 0.2454998254776001 0.5605904473198785 0.13997135162353516 0.34883592393663193
0 0.475114107131958 0.24670147365993925 0.05646810531616211 0.19799635145399305
0 0.27399667501449587 0.3012169467078315 0.10567524433135986 0.39118844138251413
0 0.6520133495330811 0.4949333932664659 0.1477900505065918 0.30659851498074003
0 0.530353331565857 0.13669904867808025 0.08592495918273926 0.2457441806793213
0 0.36290591955184937 0.09516436788770888 0.0477463960647583 0.11562587949964735
0 0.4606955528259277 0.07135214967032273 0.052131938934326175 0.14425965092248386
0 0.28391960859298704 0.04975907591482003 0.06256682872772217 0.10131832650966115
0 0.40615273714065553 0.1008431300520897 0.05695474147796631 0.2040345142285029
