0 0.3302518367767334 0.7084624184502496 0.20616626739501953 0.38428416781955294
0 0.6055789232254029 0.3246707386440701 0.10844244956970214 0.24981276194254556
0 0.4721553087234497 0.24301430384318035 0.06244778633117676 0.20369684431287977
0 0.09594148397445679 0.3339857631259494 0.055188655853271484 0.21055995093451607
0 0.2793719291687012 0.06119058140450054 0.06136474609375 0.11849692116181056
0 0.6494429588317872 0.4905096795823839 0.15858125686645508 0.3349679523044162
0 0.21357054710388185 0.570973375108507 0.13421483039855958 0.19742974175347222
0 0.1483639031648636 0.4533380720350477 0.10223700404167176 0.06699184841579861
0 0.13433661460876464 0.21139211654663087 0.06618123054504395 0.2795628229777018
0 0.4091765761375427 0.057292098303635915 0.04079182147979736 0.11150036421087053
0 0.5087611675262451 0.10147485269440545 0.09075756072998047 0.17025840414894952
0 0.45285677909851074 0.08213329845004612 0.06435537338256836 0.1657721307542589
0 0.364809513092041 0.09412634505165948 0.043950223922729494 0.11139428085751003
