0 0.6130328178405762 0.2112678274564031 0.15443716049194336 0.42286382018485
0 0.12386945486068726 0.20403443574905394 0.07006731033325195 0.34278129736582436
0 0.16827207803726196 0.1555592113071018 0.05578327178955078 0.2531625747680664
0 0.40899053812026975 0.10370298508140775 0.060270285606384276 0.21241409480571746
0 0.2925650477409363 0.05982477681504356 0.050927138328552245 0.11550419562392765
0 0.36501660346984866 0.09049816528956095 0.047223567962646484 0.11732475757598877
0 0.4972928762435913 0.13470336039447123 0.07598958015441895 0.2702071301225159
0 0.6385211706161499 0.45084092881944443 0.1634009838104248 0.32460428873697916
0 0.4584884405136108 0.053692918891708054 0.04771933555603027 0.10708710244960255
0 0.497249960899353 0.09484748612675402 0.0740079402923584 0.19139184347457355
