0 0.4717775583267212 0.24198657671610516 0.06336798667907714 0.2080447620815701
0 0.3351245164871216 0.6929635789659289 0.1927762508392334 0.3687043931749132
0 0.26164062023162843 0.5005058818393283 0.1184842586517334 0.3221533669365777
0 0.2841854214668274 0.057272776340444885 0.06017701625823975 0.11567276244362196
0 0.15899137854576112 0.24175550672743057 0.06967970132827758 0.20369436475965713
0 0.363339364528656 0.09231550958421496 0.04448344707489014 0.1110737164815267
0 0.5322771787643432 0.15723620851834616 0.08507342338562011 0.288883372147878
0 0.6408894777297973 0.4742094039916992 0.15726122856140137 0.2643167707655165
0 0.45753748416900636 0.07649761204504305 0.05194106101989746 0.15215156546069517
0 0.402498722076416 0.035662254063774726 0.047876834869384766 0.07139548122520661
