0 0.32926589250564575 0.6980755911933051 0.21182649135589598 0.39049737718370225
0 0.17428001165390014 0.3662719991472032 0.10141236782073974 0.5093441751268175
0 0.6054890871047973 0.3216324170430501 0.11176896095275879 0.2523760689629449
0 0.4731463432312012 0.24212811787923177 0.0609527587890625 0.21000090705023872
0 0.6470746040344239 0.5002292844984266 0.15249643325805665 0.31678818596733943
0 0.2239791750907898 0.4981225755479601 0.08904378414154053 0.24058498806423612
0 0.46576049327850344 0.06823843837612205 0.04735960960388184 0.13839954824911224
0 0.28186103105545046 0.05653527499073081 0.0658339262008667 0.11458674694101016
0 0.5309969663619996 0.13651508920722538 0.07884507179260254 0.25309799710909525
0 0.09713732302188874 0.3495665338304308 0.05435826182365418 0.23892659081353082
0 0.11810555458068847 0.15744456185234917 0.059443330764770506 0.1564833958943685
0 0.4125498294830322 0.05966549507445759 0.04656963348388672 0.12194155471192467
