0 0.12607362866401672 0.2631688992182414 0.07785521745681763 0.3761984666188558
0 0.33292957544326784 0.6947926839192708 0.18836629390716553 0.3680026584201389
0 0.4722323179244995 0.24205211533440485 0.06086363792419434 0.20913269254896377
0 0.5311257362365722 0.15632979207568698 0.08469047546386718 0.2876819160249498
0 0.2537675142288208 0.48891578250461154 0.11772189140319825 0.3141170501708984
0 0.3639934539794922 0.09172407256232368 0.043094205856323245 0.109609678056505
0 0.281852662563324 0.05713656739228302 0.06346433162689209 0.11636530566546652
0 0.6461069345474243 0.451626279619005 0.15047430992126465 0.22522008683946398
0 0.4640332221984863 0.0700590437071191 0.04579982757568359 0.13741991544763246
0 0.2912739157676697 0.05609555525912179 0.04539597034454346 0.11427466571331024
