0 0.33837167024612425 0.677190695868598 0.1968743085861206 0.4225907219780816
0 0.6003087043762207 0.3277881834242079 0.0963836669921875 0.26564818488227
0 0.6541317224502563 0.494483576880561 0.155781888961792 0.3338549084133572
0 0.36490296125411986 0.0914753066168891 0.04402148723602295 0.10541642506917318
0 0.13659080862998962 0.2573569244808621 0.06848706007003784 0.19433317184448243
0 0.504209041595459 0.10257459945148892 0.07995853424072266 0.1657705585161845
0 0.4821596145629883 0.2341433260175917 0.06540966033935547 0.22011128531561958
0 0.27908960580825803 0.0594140172832542 0.05971848964691162 0.11422578742106755
0 0.13868783712387084 0.16639957163068983 0.0740163803100586 0.18962695333692764
0 0.21368696093559264 0.5800271140204536 0.13324872255325318 0.30518082512749567
0 0.10138146877288819 0.3556202252705892 0.0647517204284668 0.2580879423353407
