0 0.6033430337905884 0.32744872834947375 0.10467295646667481 0.2566703160603841
0 0.32869298458099366 0.7091987609863282 0.20185742378234864 0.3860724555121528
0 0.47214303016662595 0.24169461992051866 0.06293201446533203 0.20840771993001303
0 0.36470288038253784 0.08909111552768284 0.04478299617767334 0.10191626018948025
0 0.13976293206214904 0.2583561526404487 0.0677035927772522 0.19488649368286132
0 0.4546161651611328 0.05697079797585805 0.05488519668579102 0.11469414962662591
0 0.20942999720573424 0.5560587565104167 0.14836612939834595 0.24029693603515626
0 0.512977409362793 0.1102807879447937 0.09577617645263672 0.1861251221762763
0 0.656229305267334 0.49231961568196614 0.1608363151550293 0.33413458930121526
0 0.4991034746170044 0.10391456021202936 0.0697399616241455 0.17368201679653592
0 0.09911120533943177 0.3519348038567437 0.05952409505844116 0.2484092076619466
0 0.4104111552238464 0.056348310576544866 0.041374707221984865 0.1090260664621989
0 0.2830994129180908 0.06250057783391741 0.051033830642700194 0.10969152384334141
0 0.13635982871055602 0.16390072504679362 0.07478028535842896 0.1864648395114475
0 0.6449444532394409 0.43245969348483615 0.1354374408721924 0.21664392683241102
