0 0.1418890655040741 0.35483283466762966 0.10185025930404663 0.47425131267971465
0 0.32991782426834104 0.6981686274210612 0.2127312421798706 0.39301668802897133
0 0.604036831855774 0.32339590920342337 0.11196227073669433 0.25363771650526257
0 0.22455595731735228 0.4983119116889106 0.08731262683868408 0.24945466783311632
0 0.47216291427612306 0.24184446334838866 0.062427616119384764 0.21093095143636068
0 0.5249380350112915 0.09700674580203163 0.0714388370513916 0.17724183201789856
0 0.6433194637298584 0.4938389778137207 0.16039066314697265 0.3017800860934787
0 0.4153608441352844 0.08216797485947609 0.054571890830993654 0.16830336302518845
0 0.28964070081710813 0.05676048056532939 0.05063655376434326 0.11403304226696491
0 0.36646151542663574 0.09141603708267212 0.043736505508422854 0.10822987821367051
