0 0.3193134665489197 0.7008196724785699 0.19477674961090088 0.38954005771213107
0 0.6069586038589477 0.3244778315226237 0.1110802173614502 0.2619441138373481
0 0.2730934262275696 0.2941711531745063 0.10990808010101319 0.38266319698757595
0 0.4720482349395752 0.24693895975748698 0.06323223114013672 0.2025792439778646
0 0.28231631517410277 0.05602084899114238 0.06557905673980713 0.11375000004967054
0 0.6464685201644897 0.49417414135403104 0.15589699745178223 0.3050252490573459
0 0.22226717472076415 0.49707323710123696 0.09129948616027832 0.24043621487087674
0 0.09813693463802338 0.3488715595669217 0.05448525547981262 0.23645259009467232
0 0.5292081117630005 0.12253023783365885 0.07962479591369628 0.22066688537597656
0 0.4664254665374756 0.06889216684632832 0.048873615264892575 0.1396557374133004
0 0.3656249165534973 0.12201661533779568 0.044034361839294434 0.16883526908026802
