0 0.5232788562774658 0.1748053318924374 0.14142465591430664 0.3172568255000644
0 0.3328157544136047 0.6941865073310004 0.18732888698577882 0.3652879079182943
0 0.4751907825469971 0.24546522034539117 0.05311422348022461 0.20007814831203885
0 0.28354843854904177 0.05749812722206116 0.05936605930328369 0.1164471083217197
0 0.648291826248169 0.49491341908772785 0.14717655181884765 0.30827640957302516
0 0.40606085062026975 0.09291139584448603 0.056572794914245605 0.1903774392273691
0 0.36477400064468385 0.0926217516263326 0.04243080615997315 0.10814939869774712
0 0.25326459407806395 0.5264628728230795 0.15559744834899902 0.2718961503770616
0 0.16173590421676637 0.23942195574442546 0.07315547466278076 0.20278891457451714
0 0.6473042011260987 0.4438579665289985 0.1445542335510254 0.20347279442681207
