0 0.3388819098472595 0.6755873150295681 0.19510948657989502 0.41477504306369356
0 0.6035834312438965 0.32805464002821183 0.10476140975952149 0.2549352010091146
0 0.47204158306121824 0.24065992567274305 0.0628283977508545 0.20751211378309461
0 0.5180864095687866 0.13648732900619506 0.096061372756958 0.227386212348938
0 0.4504188060760498 0.05836492702364922 0.04527616500854492 0.11599367873536216
0 0.27936506271362305 0.060512246522638535 0.05868535041809082 0.11769438750214047
0 0.1400032937526703 0.25914363861083983 0.06712344884872437 0.19009573194715712
0 0.36449370384216306 0.09129332701365153 0.04369983673095703 0.10739039844936794
0 0.2143024981021881 0.5791729185316298 0.13559731245040893 0.3098901112874349
0 0.40978614091873167 0.058029762324359684 0.03985230922698975 0.11284202055798637
0 0.6582122325897217 0.4942088445027669 0.16429977416992186 0.33340610928005643
0 0.09992189109325408 0.35212792290581596 0.060845190286636354 0.24972686767578126
0 0.13689618408679963 0.16240905390845406 0.07557672858238221 0.184565454059177
0 0.6439963340759277 0.43456906212700736 0.13248271942138673 0.20998929341634115
