0 0.32559589147567747 0.7005395253499349 0.1946336030960083 0.38929214477539065
0 0.5963003635406494 0.34816673066880965 0.09796066284179687 0.2722311443752713
0 0.4720550537109375 0.24143686294555664 0.06327219009399414 0.20313180287679036
0 0.5239323854446412 0.09502442677815755 0.07169137001037598 0.17555643717447916
0 0.2520954251289368 0.5162865108913846 0.15240509510040284 0.271140374077691
0 0.46454169750213625 0.06948526611344683 0.05139269828796387 0.14021213497552606
0 0.170121169090271 0.241613949669732 0.08528399467468262 0.20743948618570965
0 0.6474575519561767 0.434763855404324 0.14137229919433594 0.18921455807156032
0 0.09699828326702117 0.34586221906873915 0.055630213022232054 0.2325416988796658
0 0.28950092792510984 0.05688824454943339 0.04987010955810547 0.1153883973757426
0 0.11825519800186157 0.15920085377163357 0.054269051551818846 0.1512378798590766
0 0.6489238262176513 0.49719492594401044 0.1423853874206543 0.31480450100368923
0 0.3663086533546448 0.09608219861984253 0.0453510046005249 0.11732974847157797
