0 0.33204400539398193 0.7092711978488498 0.20777134895324706 0.38472027248806423
0 0.22450149655342103 0.5157742394341363 0.09804357290267944 0.26859393649631075
0 0.47142853736877444 0.24083706537882488 0.06466283798217773 0.20665081871880425
0 0.6466080665588378 0.44350770314534504 0.14106016159057616 0.2056908925374349
0 0.5984096527099609 0.3307752291361491 0.10910873413085938 0.25851256052652993
0 0.2902901887893677 0.05574614802996317 0.043541240692138675 0.11322456863191392
0 0.09779582619667053 0.349071290757921 0.054388654232025144 0.2386600070529514
0 0.14078620672225953 0.2643388854132758 0.06789336204528809 0.18303894466824003
0 0.4627241134643555 0.06992466896772384 0.05652151107788086 0.1422895501057307
0 0.41096278429031374 0.07942131033374203 0.047767233848571775 0.1596788577735424
0 0.3645536661148071 0.10078696409861247 0.04711446762084961 0.12627565066019694
